34734118909
47056266417
116702588357482
74591195837
238258582958463
221005392771
236962269658408
206210262749244
119083838180559
39975169920
162195266992
141271449648
217655292672
205505239470786
66357326382
105399191715
92088614462
181422178568160
143882025632732
56632622313
61299260993
151372664878320
151002644937624
114366571914596
102542377333
103157219806
356711378954
275249287469
172313069486470
110311875681526
150482034997678
39878083109
67014122312
263981990188
122933304446310
42136419027
84175439430
65451391270
173699540358
74343933456
69669009419
265519773479431
108194222569430
147467418636156
79770243223
312546460715
38802554124
170143543101285
166454596776576
306782912761033
92125180021
80400703949
162815512349
71189598227
70646657929
78472454205
129210723781448
93151733910
165898486789775
45298246708
92077582089
96214753274
298461170736
194133430619880
101032454198
81089852182
146324541360
119382118147916
32397000072
285699990157
274320942675899
180220288697411
147858435252169
206969776031226
213168690119
155204716956
93218692247
184439288265119
150821174989168
110444994555
239612440544
150048405025558
130504556373
175358525809685
191521407555762
193820180368
55448127953
108364629181361
138295912096
154862283808
111301905586279
98724859943
119064704776900
105272859503403
72657757396
146328372149587
151657728229999
75860411475
176748609063
149676861734131
90293542586
192136614159301
145424508823830
140095222235
140708899279090
131705144280
140032892460
317451486051
37318418978
38289193271
400082475184
98008554575
60367306581
281945680816
151201800731
191483281412
162940587063851
179147728769492
174669949315709
59649400218
71151524754
161970137847
167171199974962
311198745591624
259601784132763
179158259303
343816312302509
90494053539
189796969657
80493369332
53009940621
32706176871
73531129169
207765002932
155357921154325
124973860889852
201163534554
143560048536
8752699755
23670430956
21107593266
148604588516366
121784094571220
186545724738290
322265374523591
36736912815
117353901655363
134218746623
139789445347
146218063693
158510320867005
111794158722
127665510592946
175587725811681
194974057183098
119849024754463
150304181726379
114134965304656
32129918236
82124194915
70710067457
190211939334
46196941686
200165633335836
142792472411390
236838689712543
222708185581
55786706961
119869762156
23234200847
105986446958
182025015040
163763323658658
110116725731764
126866674011067
229529963729762
165241943509608
160841183603
72081519846
151616454884049
262278310486824
121928317845529
279017558803578
92501672621
293988160666
96637444189
170330008041
41210366797
84157668780
200566685128
304174606435
166149414713
163175477070832
155076757880372
103168006466515
205823739080
317963934881675
176655402990
25837443444
117342531665946
122940101064956
32665979711
109785199631
93250564550
118936419368
54743106947
151554684887156
122393807842447
105619119495619
108560955847639
122462567803960
124454795947
147599291963527
298591612622
144384638989802
73006545785
132723736762913
101021618323
29206219873
20650012122
217383701628700
72457958318
160073033620
207929953869
187807306823
196006824754
144108382300989
166269553401926
130476143696327
90908494647
219567644775663
59089862765
118942844800896
163806507776
157551009622
107439155989086
39589683944
169307843952
74116203773
45573163736
149210335803
423979315453
174646795884891
109926109062427
122814961096261
132103616845982
209413642418229
204043106305209
201806573173426
35050078368
134502749919530
177540912268342
108981709134387
312182958180
37417422767
106496447423
153740448004456
84075927865
169511725183
175454024900
201886415595
167499746617461
138415206219210
53039228087
71515236595
160990270603447
100976233327430
213962521979889
112739491284
155671984456683
56751562845
171088886242649
126822017361873
163082790393199
103113758132
57207008875
104690392900835
48261722648
108958265838252
193725958489
72639402941
137553061928
242463240273
116453438375807
114686943002
189280505530
110019889044078
116727735016048
101916507356
59978261217
113422634015
317952485292
103621049307
56074609720
121384077911109
118029964957023
43732151935
116047138409027
172244042799051
119837032950
130105277043506
86264954382
15877306073
185296888286
276255930954
9229303148
26365096875
47823853139
139958610636
343064425809
38452569122
63919297242
231414880420
110314115504
449747980077
184416517244
82028983517
21076301296
376316674646
356919822035
188652338678
334743330071
121064324573104
116246635109901
184066641618695
161956420533588
183069535082074
109846929077862
145577358845538
130823003662891
110765248966337
367067283779
189032241145421
288437901222204
110654932298322
189248557776067
144592802480
235394727153
100837813307108
332918353385541
333381393350265
206970936005420
86681014447
132817146771052
225878574124555
193236680692418
194878673863055
183531951667029
166026173431586
127692170631864
149024768483918
172797476091460
144214855636306
129160817148977
171619869549385
120344441372373
193731287309583
147440431977882
194067270620953
112245572183252
193652957313545
47733211124
169141816480243
191717377587690
62690599685
221061461238597
120864991303901
127576763938385
278239528854317
371681652877717
485103748183718
122365134490320
192680544079956
368462053231354
10527233063
9631659185
37896015468
145771085433667
102968955658
165419643537532
146330342108759
203832172967685
110425642319640
68956579020
1382132089
50218596695
105198680666
78876700568
10150128749195300
49414696203
142482559137271
112371322116459
177329725656079
135328689877213
36652327768
64479076823
118465378234005
24242206846
136293513067656
10150101343025400
107594552603654